version 2
run General-0-20120720-02:44:50-7988
attr configname General
attr datetime 20120720-02:44:50
attr experiment General
attr inifile omnetpp.ini
attr iterationvars ""
attr iterationvars2 $repetition=0
attr measurement ""
attr network inet.examples.ansaExamples.ISIS.ISIStest1
attr processid 7988
attr repetition 0
attr replication #0
attr resultdir results
attr runnumber 0
attr seedset 0

vector 2  ISIStest1.router1.eth[0].mac  framesSent  ETV
vector 4  ISIStest1.router1.eth[0].mac  bytesSent  ETV
vector 16  ISIStest1.router2.eth[0].mac  framesSent  ETV
vector 18  ISIStest1.router2.eth[0].mac  bytesSent  ETV
vector 58  ISIStest1.etherSwitch.mac[0]  framesReceivedOK  ETV
vector 60  ISIStest1.etherSwitch.mac[0]  bytesReceivedOK  ETV
vector 64  ISIStest1.etherSwitch.mac[0]  framesPassedToHL  ETV
vector 70  ISIStest1.etherSwitch.mac[1]  framesReceivedOK  ETV
vector 72  ISIStest1.etherSwitch.mac[1]  bytesReceivedOK  ETV
vector 76  ISIStest1.etherSwitch.mac[1]  framesPassedToHL  ETV
vector 56  ISIStest1.etherSwitch.relayUnit  "buffer level"  ETV
vector 69  ISIStest1.etherSwitch.mac[1]  framesSent  ETV
vector 71  ISIStest1.etherSwitch.mac[1]  bytesSent  ETV
vector 81  ISIStest1.etherSwitch.mac[2]  framesSent  ETV
vector 83  ISIStest1.etherSwitch.mac[2]  bytesSent  ETV
vector 57  ISIStest1.etherSwitch.mac[0]  framesSent  ETV
vector 59  ISIStest1.etherSwitch.mac[0]  bytesSent  ETV
vector 17  ISIStest1.router2.eth[0].mac  framesReceivedOK  ETV
vector 19  ISIStest1.router2.eth[0].mac  bytesReceivedOK  ETV
vector 23  ISIStest1.router2.eth[0].mac  framesPassedToHL  ETV
vector 45  ISIStest1.router3.eth[0].mac  framesReceivedOK  ETV
vector 47  ISIStest1.router3.eth[0].mac  bytesReceivedOK  ETV
vector 51  ISIStest1.router3.eth[0].mac  framesPassedToHL  ETV
vector 3  ISIStest1.router1.eth[0].mac  framesReceivedOK  ETV
vector 5  ISIStest1.router1.eth[0].mac  bytesReceivedOK  ETV
vector 9  ISIStest1.router1.eth[0].mac  framesPassedToHL  ETV
vector 0  ISIStest1.router1.eth[0].queue  "queue length"  ETV
0	325	15	1
0	335	15.000006719999	0
2	43	1.000006719999	1
2	101	4.330006719999	2
2	159	7.660006719999	3
2	217	10.990006719999	4
2	275	14.320006719999	5
2	335	15.000006719999	6
2	357	15.000013439998	7
2	417	17.650006719999	8
2	475	20.980006719999	9
2	533	24.310006719999	10
2	585	25.000006719999	11
2	623	27.640006719999	12
2	681	30.970006719999	13
2	739	34.300006719999	14
2	791	35.000006719999	15
2	829	37.630006719999	16
2	887	40.960006719999	17
2	945	44.290006719999	18
2	997	45.000006719999	19
2	1035	47.620006719999	20
2	1093	50.950006719999	21
2	1151	54.280006719999	22
2	1203	55.000006719999	23
2	1241	57.610006719999	24
2	1299	60.940006719999	25
2	1357	64.270006719999	26
2	1409	65.000006719999	27
2	1447	67.600006719999	28
2	1505	70.930006719999	29
2	1563	74.260006719999	30
2	1615	75.000006719999	31
2	1653	77.590006719999	32
2	1711	80.920006719999	33
2	1769	84.250006719999	34
2	1821	85.000006719999	35
2	1859	87.580006719999	36
2	1917	90.910006719999	37
2	1975	94.240006719999	38
2	2027	95.000006719999	39
2	2065	97.570006719999	40
2	2123	100.900006719999	41
2	2181	104.230006719999	42
2	2233	105.000006719999	43
2	2271	107.560006719999	44
2	2329	110.890006719999	45
2	2387	114.220006719999	46
2	2439	115.000006719999	47
2	2477	117.550006719999	48
2	2535	120.880006719999	49
2	2593	124.210006719999	50
2	2645	125.000006719999	51
2	2683	127.540006719999	52
2	2741	130.870006719999	53
2	2799	134.200006719999	54
2	2851	135.000006719999	55
2	2889	137.530006719999	56
2	2947	140.860006719999	57
2	3005	144.190006719999	58
2	3057	145.000006719999	59
2	3095	147.520006719999	60
2	3153	150.850006719999	61
2	3211	154.180006719999	62
2	3263	155.000006719999	63
2	3301	157.510006719999	64
2	3359	160.840006719999	65
2	3417	164.170006719999	66
2	3469	165.000006719999	67
2	3507	167.500006719999	68
2	3565	170.830006719999	69
2	3623	174.160006719999	70
2	3675	175.000006719999	71
2	3713	177.490006719999	72
2	3771	180.820006719999	73
2	3829	184.150006719999	74
2	3881	185.000006719999	75
2	3919	187.480006719999	76
3	66	1.000013639998	1
3	124	4.330013639998	2
3	182	7.660013639998	3
3	240	10.990013639998	4
3	298	14.320013639998	5
3	368	15.000013639998	6
3	440	17.650013639998	7
3	498	20.980013639998	8
3	556	24.310013639998	9
3	646	27.640013639998	10
3	704	30.970013639998	11
3	762	34.300013639998	12
3	852	37.630013639998	13
3	910	40.960013639998	14
3	968	44.290013639998	15
3	1058	47.620013639998	16
3	1116	50.950013639998	17
3	1174	54.280013639998	18
3	1264	57.610013639998	19
3	1322	60.940013639998	20
3	1380	64.270013639998	21
3	1470	67.600013639998	22
3	1528	70.930013639998	23
3	1586	74.260013639998	24
3	1676	77.590013639998	25
3	1734	80.920013639998	26
3	1792	84.250013639998	27
3	1882	87.580013639998	28
3	1940	90.910013639998	29
3	1998	94.240013639998	30
3	2088	97.570013639998	31
3	2146	100.900013639998	32
3	2204	104.230013639998	33
3	2294	107.560013639998	34
3	2352	110.890013639998	35
3	2410	114.220013639998	36
3	2500	117.550013639998	37
3	2558	120.880013639998	38
3	2616	124.210013639998	39
3	2706	127.540013639998	40
3	2764	130.870013639998	41
3	2822	134.200013639998	42
3	2912	137.530013639998	43
3	2970	140.860013639998	44
3	3028	144.190013639998	45
3	3118	147.520013639998	46
3	3176	150.850013639998	47
3	3234	154.180013639998	48
3	3324	157.510013639998	49
3	3382	160.840013639998	50
3	3440	164.170013639998	51
3	3530	167.500013639998	52
3	3588	170.830013639998	53
3	3646	174.160013639998	54
3	3736	177.490013639998	55
3	3794	180.820013639998	56
3	3852	184.150013639998	57
3	3942	187.480013639998	58
4	43	1.000006719999	64
4	101	4.330006719999	128
4	159	7.660006719999	192
4	217	10.990006719999	256
4	275	14.320006719999	320
4	335	15.000006719999	384
4	357	15.000013439998	448
4	417	17.650006719999	512
4	475	20.980006719999	576
4	533	24.310006719999	640
4	585	25.000006719999	704
4	623	27.640006719999	768
4	681	30.970006719999	832
4	739	34.300006719999	896
4	791	35.000006719999	960
4	829	37.630006719999	1024
4	887	40.960006719999	1088
4	945	44.290006719999	1152
4	997	45.000006719999	1216
4	1035	47.620006719999	1280
4	1093	50.950006719999	1344
4	1151	54.280006719999	1408
4	1203	55.000006719999	1472
4	1241	57.610006719999	1536
4	1299	60.940006719999	1600
4	1357	64.270006719999	1664
4	1409	65.000006719999	1728
4	1447	67.600006719999	1792
4	1505	70.930006719999	1856
4	1563	74.260006719999	1920
4	1615	75.000006719999	1984
4	1653	77.590006719999	2048
4	1711	80.920006719999	2112
4	1769	84.250006719999	2176
4	1821	85.000006719999	2240
4	1859	87.580006719999	2304
4	1917	90.910006719999	2368
4	1975	94.240006719999	2432
4	2027	95.000006719999	2496
4	2065	97.570006719999	2560
4	2123	100.900006719999	2624
4	2181	104.230006719999	2688
4	2233	105.000006719999	2752
4	2271	107.560006719999	2816
4	2329	110.890006719999	2880
4	2387	114.220006719999	2944
4	2439	115.000006719999	3008
4	2477	117.550006719999	3072
4	2535	120.880006719999	3136
4	2593	124.210006719999	3200
4	2645	125.000006719999	3264
4	2683	127.540006719999	3328
4	2741	130.870006719999	3392
4	2799	134.200006719999	3456
4	2851	135.000006719999	3520
4	2889	137.530006719999	3584
4	2947	140.860006719999	3648
4	3005	144.190006719999	3712
4	3057	145.000006719999	3776
4	3095	147.520006719999	3840
4	3153	150.850006719999	3904
4	3211	154.180006719999	3968
4	3263	155.000006719999	4032
4	3301	157.510006719999	4096
4	3359	160.840006719999	4160
4	3417	164.170006719999	4224
4	3469	165.000006719999	4288
4	3507	167.500006719999	4352
4	3565	170.830006719999	4416
4	3623	174.160006719999	4480
4	3675	175.000006719999	4544
4	3713	177.490006719999	4608
4	3771	180.820006719999	4672
4	3829	184.150006719999	4736
4	3881	185.000006719999	4800
4	3919	187.480006719999	4864
5	66	1.000013639998	64
5	124	4.330013639998	128
5	182	7.660013639998	192
5	240	10.990013639998	256
5	298	14.320013639998	320
5	368	15.000013639998	384
5	440	17.650013639998	448
5	498	20.980013639998	512
5	556	24.310013639998	576
5	646	27.640013639998	640
5	704	30.970013639998	704
5	762	34.300013639998	768
5	852	37.630013639998	832
5	910	40.960013639998	896
5	968	44.290013639998	960
5	1058	47.620013639998	1024
5	1116	50.950013639998	1088
5	1174	54.280013639998	1152
5	1264	57.610013639998	1216
5	1322	60.940013639998	1280
5	1380	64.270013639998	1344
5	1470	67.600013639998	1408
5	1528	70.930013639998	1472
5	1586	74.260013639998	1536
5	1676	77.590013639998	1600
5	1734	80.920013639998	1664
5	1792	84.250013639998	1728
5	1882	87.580013639998	1792
5	1940	90.910013639998	1856
5	1998	94.240013639998	1920
5	2088	97.570013639998	1984
5	2146	100.900013639998	2048
5	2204	104.230013639998	2112
5	2294	107.560013639998	2176
5	2352	110.890013639998	2240
5	2410	114.220013639998	2304
5	2500	117.550013639998	2368
5	2558	120.880013639998	2432
5	2616	124.210013639998	2496
5	2706	127.540013639998	2560
5	2764	130.870013639998	2624
5	2822	134.200013639998	2688
5	2912	137.530013639998	2752
5	2970	140.860013639998	2816
5	3028	144.190013639998	2880
5	3118	147.520013639998	2944
5	3176	150.850013639998	3008
5	3234	154.180013639998	3072
5	3324	157.510013639998	3136
5	3382	160.840013639998	3200
5	3440	164.170013639998	3264
5	3530	167.500013639998	3328
5	3588	170.830013639998	3392
5	3646	174.160013639998	3456
5	3736	177.490013639998	3520
5	3794	180.820013639998	3584
5	3852	184.150013639998	3648
5	3942	187.480013639998	3712
9	66	1.000013639998	1
9	124	4.330013639998	2
9	182	7.660013639998	3
9	240	10.990013639998	4
9	298	14.320013639998	5
9	368	15.000013639998	6
9	440	17.650013639998	7
9	498	20.980013639998	8
9	556	24.310013639998	9
9	646	27.640013639998	10
9	704	30.970013639998	11
9	762	34.300013639998	12
9	852	37.630013639998	13
9	910	40.960013639998	14
9	968	44.290013639998	15
9	1058	47.620013639998	16
9	1116	50.950013639998	17
9	1174	54.280013639998	18
9	1264	57.610013639998	19
9	1322	60.940013639998	20
9	1380	64.270013639998	21
9	1470	67.600013639998	22
9	1528	70.930013639998	23
9	1586	74.260013639998	24
9	1676	77.590013639998	25
9	1734	80.920013639998	26
9	1792	84.250013639998	27
9	1882	87.580013639998	28
9	1940	90.910013639998	29
9	1998	94.240013639998	30
9	2088	97.570013639998	31
9	2146	100.900013639998	32
9	2204	104.230013639998	33
9	2294	107.560013639998	34
9	2352	110.890013639998	35
9	2410	114.220013639998	36
9	2500	117.550013639998	37
9	2558	120.880013639998	38
9	2616	124.210013639998	39
9	2706	127.540013639998	40
9	2764	130.870013639998	41
9	2822	134.200013639998	42
9	2912	137.530013639998	43
9	2970	140.860013639998	44
9	3028	144.190013639998	45
9	3118	147.520013639998	46
9	3176	150.850013639998	47
9	3234	154.180013639998	48
9	3324	157.510013639998	49
9	3382	160.840013639998	50
9	3440	164.170013639998	51
9	3530	167.500013639998	52
9	3588	170.830013639998	53
9	3646	174.160013639998	54
9	3736	177.490013639998	55
9	3794	180.820013639998	56
9	3852	184.150013639998	57
9	3942	187.480013639998	58
16	44	1.000006719999	1
16	102	4.330006719999	2
16	160	7.660006719999	3
16	218	10.990006719999	4
16	276	14.320006719999	5
16	336	15.000006719999	6
16	418	17.650006719999	7
16	476	20.980006719999	8
16	534	24.310006719999	9
16	624	27.640006719999	10
16	682	30.970006719999	11
16	740	34.300006719999	12
16	830	37.630006719999	13
16	888	40.960006719999	14
16	946	44.290006719999	15
16	1036	47.620006719999	16
16	1094	50.950006719999	17
16	1152	54.280006719999	18
16	1242	57.610006719999	19
16	1300	60.940006719999	20
16	1358	64.270006719999	21
16	1448	67.600006719999	22
16	1506	70.930006719999	23
16	1564	74.260006719999	24
16	1654	77.590006719999	25
16	1712	80.920006719999	26
16	1770	84.250006719999	27
16	1860	87.580006719999	28
16	1918	90.910006719999	29
16	1976	94.240006719999	30
16	2066	97.570006719999	31
16	2124	100.900006719999	32
16	2182	104.230006719999	33
16	2272	107.560006719999	34
16	2330	110.890006719999	35
16	2388	114.220006719999	36
16	2478	117.550006719999	37
16	2536	120.880006719999	38
16	2594	124.210006719999	39
16	2684	127.540006719999	40
16	2742	130.870006719999	41
16	2800	134.200006719999	42
16	2890	137.530006719999	43
16	2948	140.860006719999	44
16	3006	144.190006719999	45
16	3096	147.520006719999	46
16	3154	150.850006719999	47
16	3212	154.180006719999	48
16	3302	157.510006719999	49
16	3360	160.840006719999	50
16	3418	164.170006719999	51
16	3508	167.500006719999	52
16	3566	170.830006719999	53
16	3624	174.160006719999	54
16	3714	177.490006719999	55
16	3772	180.820006719999	56
16	3830	184.150006719999	57
16	3920	187.480006719999	58
17	64	1.000013639998	1
17	122	4.330013639998	2
17	180	7.660013639998	3
17	238	10.990013639998	4
17	296	14.320013639998	5
17	366	15.000013639998	6
17	385	15.000020359997	7
17	438	17.650013639998	8
17	496	20.980013639998	9
17	554	24.310013639998	10
17	597	25.000013639998	11
17	644	27.640013639998	12
17	702	30.970013639998	13
17	760	34.300013639998	14
17	803	35.000013639998	15
17	850	37.630013639998	16
17	908	40.960013639998	17
17	966	44.290013639998	18
17	1009	45.000013639998	19
17	1056	47.620013639998	20
17	1114	50.950013639998	21
17	1172	54.280013639998	22
17	1215	55.000013639998	23
17	1262	57.610013639998	24
17	1320	60.940013639998	25
17	1378	64.270013639998	26
17	1421	65.000013639998	27
17	1468	67.600013639998	28
17	1526	70.930013639998	29
17	1584	74.260013639998	30
17	1627	75.000013639998	31
17	1674	77.590013639998	32
17	1732	80.920013639998	33
17	1790	84.250013639998	34
17	1833	85.000013639998	35
17	1880	87.580013639998	36
17	1938	90.910013639998	37
17	1996	94.240013639998	38
17	2039	95.000013639998	39
17	2086	97.570013639998	40
17	2144	100.900013639998	41
17	2202	104.230013639998	42
17	2245	105.000013639998	43
17	2292	107.560013639998	44
17	2350	110.890013639998	45
17	2408	114.220013639998	46
17	2451	115.000013639998	47
17	2498	117.550013639998	48
17	2556	120.880013639998	49
17	2614	124.210013639998	50
17	2657	125.000013639998	51
17	2704	127.540013639998	52
17	2762	130.870013639998	53
17	2820	134.200013639998	54
17	2863	135.000013639998	55
17	2910	137.530013639998	56
17	2968	140.860013639998	57
17	3026	144.190013639998	58
17	3069	145.000013639998	59
17	3116	147.520013639998	60
17	3174	150.850013639998	61
17	3232	154.180013639998	62
17	3275	155.000013639998	63
17	3322	157.510013639998	64
17	3380	160.840013639998	65
17	3438	164.170013639998	66
17	3481	165.000013639998	67
17	3528	167.500013639998	68
17	3586	170.830013639998	69
17	3644	174.160013639998	70
17	3687	175.000013639998	71
17	3734	177.490013639998	72
17	3792	180.820013639998	73
17	3850	184.150013639998	74
17	3893	185.000013639998	75
17	3940	187.480013639998	76
18	44	1.000006719999	64
18	102	4.330006719999	128
18	160	7.660006719999	192
18	218	10.990006719999	256
18	276	14.320006719999	320
18	336	15.000006719999	384
18	418	17.650006719999	448
18	476	20.980006719999	512
18	534	24.310006719999	576
18	624	27.640006719999	640
18	682	30.970006719999	704
18	740	34.300006719999	768
18	830	37.630006719999	832
18	888	40.960006719999	896
18	946	44.290006719999	960
18	1036	47.620006719999	1024
18	1094	50.950006719999	1088
18	1152	54.280006719999	1152
18	1242	57.610006719999	1216
18	1300	60.940006719999	1280
18	1358	64.270006719999	1344
18	1448	67.600006719999	1408
18	1506	70.930006719999	1472
18	1564	74.260006719999	1536
18	1654	77.590006719999	1600
18	1712	80.920006719999	1664
18	1770	84.250006719999	1728
18	1860	87.580006719999	1792
18	1918	90.910006719999	1856
18	1976	94.240006719999	1920
18	2066	97.570006719999	1984
18	2124	100.900006719999	2048
18	2182	104.230006719999	2112
18	2272	107.560006719999	2176
18	2330	110.890006719999	2240
18	2388	114.220006719999	2304
18	2478	117.550006719999	2368
18	2536	120.880006719999	2432
18	2594	124.210006719999	2496
18	2684	127.540006719999	2560
18	2742	130.870006719999	2624
18	2800	134.200006719999	2688
18	2890	137.530006719999	2752
18	2948	140.860006719999	2816
18	3006	144.190006719999	2880
18	3096	147.520006719999	2944
18	3154	150.850006719999	3008
18	3212	154.180006719999	3072
18	3302	157.510006719999	3136
18	3360	160.840006719999	3200
18	3418	164.170006719999	3264
18	3508	167.500006719999	3328
18	3566	170.830006719999	3392
18	3624	174.160006719999	3456
18	3714	177.490006719999	3520
18	3772	180.820006719999	3584
18	3830	184.150006719999	3648
18	3920	187.480006719999	3712
19	64	1.000013639998	64
19	122	4.330013639998	128
19	180	7.660013639998	192
19	238	10.990013639998	256
19	296	14.320013639998	320
19	366	15.000013639998	384
19	385	15.000020359997	448
19	438	17.650013639998	512
19	496	20.980013639998	576
19	554	24.310013639998	640
19	597	25.000013639998	704
19	644	27.640013639998	768
19	702	30.970013639998	832
19	760	34.300013639998	896
19	803	35.000013639998	960
19	850	37.630013639998	1024
19	908	40.960013639998	1088
19	966	44.290013639998	1152
19	1009	45.000013639998	1216
19	1056	47.620013639998	1280
19	1114	50.950013639998	1344
19	1172	54.280013639998	1408
19	1215	55.000013639998	1472
19	1262	57.610013639998	1536
19	1320	60.940013639998	1600
19	1378	64.270013639998	1664
19	1421	65.000013639998	1728
19	1468	67.600013639998	1792
19	1526	70.930013639998	1856
19	1584	74.260013639998	1920
19	1627	75.000013639998	1984
19	1674	77.590013639998	2048
19	1732	80.920013639998	2112
19	1790	84.250013639998	2176
19	1833	85.000013639998	2240
19	1880	87.580013639998	2304
19	1938	90.910013639998	2368
19	1996	94.240013639998	2432
19	2039	95.000013639998	2496
19	2086	97.570013639998	2560
19	2144	100.900013639998	2624
19	2202	104.230013639998	2688
19	2245	105.000013639998	2752
19	2292	107.560013639998	2816
19	2350	110.890013639998	2880
19	2408	114.220013639998	2944
19	2451	115.000013639998	3008
19	2498	117.550013639998	3072
19	2556	120.880013639998	3136
19	2614	124.210013639998	3200
19	2657	125.000013639998	3264
19	2704	127.540013639998	3328
19	2762	130.870013639998	3392
19	2820	134.200013639998	3456
19	2863	135.000013639998	3520
19	2910	137.530013639998	3584
19	2968	140.860013639998	3648
19	3026	144.190013639998	3712
19	3069	145.000013639998	3776
19	3116	147.520013639998	3840
19	3174	150.850013639998	3904
19	3232	154.180013639998	3968
19	3275	155.000013639998	4032
19	3322	157.510013639998	4096
19	3380	160.840013639998	4160
19	3438	164.170013639998	4224
19	3481	165.000013639998	4288
19	3528	167.500013639998	4352
19	3586	170.830013639998	4416
19	3644	174.160013639998	4480
19	3687	175.000013639998	4544
19	3734	177.490013639998	4608
19	3792	180.820013639998	4672
19	3850	184.150013639998	4736
19	3893	185.000013639998	4800
19	3940	187.480013639998	4864
23	64	1.000013639998	1
23	122	4.330013639998	2
23	180	7.660013639998	3
23	238	10.990013639998	4
23	296	14.320013639998	5
23	366	15.000013639998	6
23	385	15.000020359997	7
23	438	17.650013639998	8
23	496	20.980013639998	9
23	554	24.310013639998	10
23	597	25.000013639998	11
23	644	27.640013639998	12
23	702	30.970013639998	13
23	760	34.300013639998	14
23	803	35.000013639998	15
23	850	37.630013639998	16
23	908	40.960013639998	17
23	966	44.290013639998	18
23	1009	45.000013639998	19
23	1056	47.620013639998	20
23	1114	50.950013639998	21
23	1172	54.280013639998	22
23	1215	55.000013639998	23
23	1262	57.610013639998	24
23	1320	60.940013639998	25
23	1378	64.270013639998	26
23	1421	65.000013639998	27
23	1468	67.600013639998	28
23	1526	70.930013639998	29
23	1584	74.260013639998	30
23	1627	75.000013639998	31
23	1674	77.590013639998	32
23	1732	80.920013639998	33
23	1790	84.250013639998	34
23	1833	85.000013639998	35
23	1880	87.580013639998	36
23	1938	90.910013639998	37
23	1996	94.240013639998	38
23	2039	95.000013639998	39
23	2086	97.570013639998	40
23	2144	100.900013639998	41
23	2202	104.230013639998	42
23	2245	105.000013639998	43
23	2292	107.560013639998	44
23	2350	110.890013639998	45
23	2408	114.220013639998	46
23	2451	115.000013639998	47
23	2498	117.550013639998	48
23	2556	120.880013639998	49
23	2614	124.210013639998	50
23	2657	125.000013639998	51
23	2704	127.540013639998	52
23	2762	130.870013639998	53
23	2820	134.200013639998	54
23	2863	135.000013639998	55
23	2910	137.530013639998	56
23	2968	140.860013639998	57
23	3026	144.190013639998	58
23	3069	145.000013639998	59
23	3116	147.520013639998	60
23	3174	150.850013639998	61
23	3232	154.180013639998	62
23	3275	155.000013639998	63
23	3322	157.510013639998	64
23	3380	160.840013639998	65
23	3438	164.170013639998	66
23	3481	165.000013639998	67
23	3528	167.500013639998	68
23	3586	170.830013639998	69
23	3644	174.160013639998	70
23	3687	175.000013639998	71
23	3734	177.490013639998	72
23	3792	180.820013639998	73
23	3850	184.150013639998	74
23	3893	185.000013639998	75
23	3940	187.480013639998	76
45	65	1.000013639998	1
45	79	1.000020359997	2
45	123	4.330013639998	3
45	137	4.330020359997	4
45	181	7.660013639998	5
45	195	7.660020359997	6
45	239	10.990013639998	7
45	253	10.990020359997	8
45	297	14.320013639998	9
45	311	14.320020359997	10
45	367	15.000013639998	11
45	384	15.000020359997	12
45	395	15.000027079996	13
45	439	17.650013639998	14
45	453	17.650020359997	15
45	497	20.980013639998	16
45	511	20.980020359997	17
45	555	24.310013639998	18
45	569	24.310020359997	19
45	598	25.000013639998	20
45	645	27.640013639998	21
45	659	27.640020359997	22
45	703	30.970013639998	23
45	717	30.970020359997	24
45	761	34.300013639998	25
45	775	34.300020359997	26
45	804	35.000013639998	27
45	851	37.630013639998	28
45	865	37.630020359997	29
45	909	40.960013639998	30
45	923	40.960020359997	31
45	967	44.290013639998	32
45	981	44.290020359997	33
45	1010	45.000013639998	34
45	1057	47.620013639998	35
45	1071	47.620020359997	36
45	1115	50.950013639998	37
45	1129	50.950020359997	38
45	1173	54.280013639998	39
45	1187	54.280020359997	40
45	1216	55.000013639998	41
45	1263	57.610013639998	42
45	1277	57.610020359997	43
45	1321	60.940013639998	44
45	1335	60.940020359997	45
45	1379	64.270013639998	46
45	1393	64.270020359997	47
45	1422	65.000013639998	48
45	1469	67.600013639998	49
45	1483	67.600020359997	50
45	1527	70.930013639998	51
45	1541	70.930020359997	52
45	1585	74.260013639998	53
45	1599	74.260020359997	54
45	1628	75.000013639998	55
45	1675	77.590013639998	56
45	1689	77.590020359997	57
45	1733	80.920013639998	58
45	1747	80.920020359997	59
45	1791	84.250013639998	60
45	1805	84.250020359997	61
45	1834	85.000013639998	62
45	1881	87.580013639998	63
45	1895	87.580020359997	64
45	1939	90.910013639998	65
45	1953	90.910020359997	66
45	1997	94.240013639998	67
45	2011	94.240020359997	68
45	2040	95.000013639998	69
45	2087	97.570013639998	70
45	2101	97.570020359997	71
45	2145	100.900013639998	72
45	2159	100.900020359997	73
45	2203	104.230013639998	74
45	2217	104.230020359997	75
45	2246	105.000013639998	76
45	2293	107.560013639998	77
45	2307	107.560020359997	78
45	2351	110.890013639998	79
45	2365	110.890020359997	80
45	2409	114.220013639998	81
45	2423	114.220020359997	82
45	2452	115.000013639998	83
45	2499	117.550013639998	84
45	2513	117.550020359997	85
45	2557	120.880013639998	86
45	2571	120.880020359997	87
45	2615	124.210013639998	88
45	2629	124.210020359997	89
45	2658	125.000013639998	90
45	2705	127.540013639998	91
45	2719	127.540020359997	92
45	2763	130.870013639998	93
45	2777	130.870020359997	94
45	2821	134.200013639998	95
45	2835	134.200020359997	96
45	2864	135.000013639998	97
45	2911	137.530013639998	98
45	2925	137.530020359997	99
45	2969	140.860013639998	100
45	2983	140.860020359997	101
45	3027	144.190013639998	102
45	3041	144.190020359997	103
45	3070	145.000013639998	104
45	3117	147.520013639998	105
45	3131	147.520020359997	106
45	3175	150.850013639998	107
45	3189	150.850020359997	108
45	3233	154.180013639998	109
45	3247	154.180020359997	110
45	3276	155.000013639998	111
45	3323	157.510013639998	112
45	3337	157.510020359997	113
45	3381	160.840013639998	114
45	3395	160.840020359997	115
45	3439	164.170013639998	116
45	3453	164.170020359997	117
45	3482	165.000013639998	118
45	3529	167.500013639998	119
45	3543	167.500020359997	120
45	3587	170.830013639998	121
45	3601	170.830020359997	122
45	3645	174.160013639998	123
45	3659	174.160020359997	124
45	3688	175.000013639998	125
45	3735	177.490013639998	126
45	3749	177.490020359997	127
45	3793	180.820013639998	128
45	3807	180.820020359997	129
45	3851	184.150013639998	130
45	3865	184.150020359997	131
45	3894	185.000013639998	132
45	3941	187.480013639998	133
45	3955	187.480020359997	134
47	65	1.000013639998	64
47	79	1.000020359997	128
47	123	4.330013639998	192
47	137	4.330020359997	256
47	181	7.660013639998	320
47	195	7.660020359997	384
47	239	10.990013639998	448
47	253	10.990020359997	512
47	297	14.320013639998	576
47	311	14.320020359997	640
47	367	15.000013639998	704
47	384	15.000020359997	768
47	395	15.000027079996	832
47	439	17.650013639998	896
47	453	17.650020359997	960
47	497	20.980013639998	1024
47	511	20.980020359997	1088
47	555	24.310013639998	1152
47	569	24.310020359997	1216
47	598	25.000013639998	1280
47	645	27.640013639998	1344
47	659	27.640020359997	1408
47	703	30.970013639998	1472
47	717	30.970020359997	1536
47	761	34.300013639998	1600
47	775	34.300020359997	1664
47	804	35.000013639998	1728
47	851	37.630013639998	1792
47	865	37.630020359997	1856
47	909	40.960013639998	1920
47	923	40.960020359997	1984
47	967	44.290013639998	2048
47	981	44.290020359997	2112
47	1010	45.000013639998	2176
47	1057	47.620013639998	2240
47	1071	47.620020359997	2304
47	1115	50.950013639998	2368
47	1129	50.950020359997	2432
47	1173	54.280013639998	2496
47	1187	54.280020359997	2560
47	1216	55.000013639998	2624
47	1263	57.610013639998	2688
47	1277	57.610020359997	2752
47	1321	60.940013639998	2816
47	1335	60.940020359997	2880
47	1379	64.270013639998	2944
47	1393	64.270020359997	3008
47	1422	65.000013639998	3072
47	1469	67.600013639998	3136
47	1483	67.600020359997	3200
47	1527	70.930013639998	3264
47	1541	70.930020359997	3328
47	1585	74.260013639998	3392
47	1599	74.260020359997	3456
47	1628	75.000013639998	3520
47	1675	77.590013639998	3584
47	1689	77.590020359997	3648
47	1733	80.920013639998	3712
47	1747	80.920020359997	3776
47	1791	84.250013639998	3840
47	1805	84.250020359997	3904
47	1834	85.000013639998	3968
47	1881	87.580013639998	4032
47	1895	87.580020359997	4096
47	1939	90.910013639998	4160
47	1953	90.910020359997	4224
47	1997	94.240013639998	4288
47	2011	94.240020359997	4352
47	2040	95.000013639998	4416
47	2087	97.570013639998	4480
47	2101	97.570020359997	4544
47	2145	100.900013639998	4608
47	2159	100.900020359997	4672
47	2203	104.230013639998	4736
47	2217	104.230020359997	4800
47	2246	105.000013639998	4864
47	2293	107.560013639998	4928
47	2307	107.560020359997	4992
47	2351	110.890013639998	5056
47	2365	110.890020359997	5120
47	2409	114.220013639998	5184
47	2423	114.220020359997	5248
47	2452	115.000013639998	5312
47	2499	117.550013639998	5376
47	2513	117.550020359997	5440
47	2557	120.880013639998	5504
47	2571	120.880020359997	5568
47	2615	124.210013639998	5632
47	2629	124.210020359997	5696
47	2658	125.000013639998	5760
47	2705	127.540013639998	5824
47	2719	127.540020359997	5888
47	2763	130.870013639998	5952
47	2777	130.870020359997	6016
47	2821	134.200013639998	6080
47	2835	134.200020359997	6144
47	2864	135.000013639998	6208
47	2911	137.530013639998	6272
47	2925	137.530020359997	6336
47	2969	140.860013639998	6400
47	2983	140.860020359997	6464
47	3027	144.190013639998	6528
47	3041	144.190020359997	6592
47	3070	145.000013639998	6656
47	3117	147.520013639998	6720
47	3131	147.520020359997	6784
47	3175	150.850013639998	6848
47	3189	150.850020359997	6912
47	3233	154.180013639998	6976
47	3247	154.180020359997	7040
47	3276	155.000013639998	7104
47	3323	157.510013639998	7168
47	3337	157.510020359997	7232
47	3381	160.840013639998	7296
47	3395	160.840020359997	7360
47	3439	164.170013639998	7424
47	3453	164.170020359997	7488
47	3482	165.000013639998	7552
47	3529	167.500013639998	7616
47	3543	167.500020359997	7680
47	3587	170.830013639998	7744
47	3601	170.830020359997	7808
47	3645	174.160013639998	7872
47	3659	174.160020359997	7936
47	3688	175.000013639998	8000
47	3735	177.490013639998	8064
47	3749	177.490020359997	8128
47	3793	180.820013639998	8192
47	3807	180.820020359997	8256
47	3851	184.150013639998	8320
47	3865	184.150020359997	8384
47	3894	185.000013639998	8448
47	3941	187.480013639998	8512
47	3955	187.480020359997	8576
51	65	1.000013639998	1
51	79	1.000020359997	2
51	123	4.330013639998	3
51	137	4.330020359997	4
51	181	7.660013639998	5
51	195	7.660020359997	6
51	239	10.990013639998	7
51	253	10.990020359997	8
51	297	14.320013639998	9
51	311	14.320020359997	10
51	367	15.000013639998	11
51	384	15.000020359997	12
51	395	15.000027079996	13
51	439	17.650013639998	14
51	453	17.650020359997	15
51	497	20.980013639998	16
51	511	20.980020359997	17
51	555	24.310013639998	18
51	569	24.310020359997	19
51	598	25.000013639998	20
51	645	27.640013639998	21
51	659	27.640020359997	22
51	703	30.970013639998	23
51	717	30.970020359997	24
51	761	34.300013639998	25
51	775	34.300020359997	26
51	804	35.000013639998	27
51	851	37.630013639998	28
51	865	37.630020359997	29
51	909	40.960013639998	30
51	923	40.960020359997	31
51	967	44.290013639998	32
51	981	44.290020359997	33
51	1010	45.000013639998	34
51	1057	47.620013639998	35
51	1071	47.620020359997	36
51	1115	50.950013639998	37
51	1129	50.950020359997	38
51	1173	54.280013639998	39
51	1187	54.280020359997	40
51	1216	55.000013639998	41
51	1263	57.610013639998	42
51	1277	57.610020359997	43
51	1321	60.940013639998	44
51	1335	60.940020359997	45
51	1379	64.270013639998	46
51	1393	64.270020359997	47
51	1422	65.000013639998	48
51	1469	67.600013639998	49
51	1483	67.600020359997	50
51	1527	70.930013639998	51
51	1541	70.930020359997	52
51	1585	74.260013639998	53
51	1599	74.260020359997	54
51	1628	75.000013639998	55
51	1675	77.590013639998	56
51	1689	77.590020359997	57
51	1733	80.920013639998	58
51	1747	80.920020359997	59
51	1791	84.250013639998	60
51	1805	84.250020359997	61
51	1834	85.000013639998	62
51	1881	87.580013639998	63
51	1895	87.580020359997	64
51	1939	90.910013639998	65
51	1953	90.910020359997	66
51	1997	94.240013639998	67
51	2011	94.240020359997	68
51	2040	95.000013639998	69
51	2087	97.570013639998	70
51	2101	97.570020359997	71
51	2145	100.900013639998	72
51	2159	100.900020359997	73
51	2203	104.230013639998	74
51	2217	104.230020359997	75
51	2246	105.000013639998	76
51	2293	107.560013639998	77
51	2307	107.560020359997	78
51	2351	110.890013639998	79
51	2365	110.890020359997	80
51	2409	114.220013639998	81
51	2423	114.220020359997	82
51	2452	115.000013639998	83
51	2499	117.550013639998	84
51	2513	117.550020359997	85
51	2557	120.880013639998	86
51	2571	120.880020359997	87
51	2615	124.210013639998	88
51	2629	124.210020359997	89
51	2658	125.000013639998	90
51	2705	127.540013639998	91
51	2719	127.540020359997	92
51	2763	130.870013639998	93
51	2777	130.870020359997	94
51	2821	134.200013639998	95
51	2835	134.200020359997	96
51	2864	135.000013639998	97
51	2911	137.530013639998	98
51	2925	137.530020359997	99
51	2969	140.860013639998	100
51	2983	140.860020359997	101
51	3027	144.190013639998	102
51	3041	144.190020359997	103
51	3070	145.000013639998	104
51	3117	147.520013639998	105
51	3131	147.520020359997	106
51	3175	150.850013639998	107
51	3189	150.850020359997	108
51	3233	154.180013639998	109
51	3247	154.180020359997	110
51	3276	155.000013639998	111
51	3323	157.510013639998	112
51	3337	157.510020359997	113
51	3381	160.840013639998	114
51	3395	160.840020359997	115
51	3439	164.170013639998	116
51	3453	164.170020359997	117
51	3482	165.000013639998	118
51	3529	167.500013639998	119
51	3543	167.500020359997	120
51	3587	170.830013639998	121
51	3601	170.830020359997	122
51	3645	174.160013639998	123
51	3659	174.160020359997	124
51	3688	175.000013639998	125
51	3735	177.490013639998	126
51	3749	177.490020359997	127
51	3793	180.820013639998	128
51	3807	180.820020359997	129
51	3851	184.150013639998	130
51	3865	184.150020359997	131
51	3894	185.000013639998	132
51	3941	187.480013639998	133
51	3955	187.480020359997	134
56	47	1.000006819999	64
56	48	1.000006819999	128
56	49	1.000006819999	64
56	52	1.000006819999	0
56	105	4.330006819999	64
56	106	4.330006819999	128
56	107	4.330006819999	64
56	110	4.330006819999	0
56	163	7.660006819999	64
56	164	7.660006819999	128
56	165	7.660006819999	64
56	168	7.660006819999	0
56	221	10.990006819999	64
56	222	10.990006819999	128
56	223	10.990006819999	64
56	226	10.990006819999	0
56	279	14.320006819999	64
56	280	14.320006819999	128
56	281	14.320006819999	64
56	284	14.320006819999	0
56	341	15.000006819999	64
56	342	15.000006819999	128
56	343	15.000006819999	64
56	346	15.000006819999	0
56	362	15.000013539998	64
56	363	15.000013539998	0
56	421	17.650006819999	64
56	422	17.650006819999	128
56	423	17.650006819999	64
56	426	17.650006819999	0
56	479	20.980006819999	64
56	480	20.980006819999	128
56	481	20.980006819999	64
56	484	20.980006819999	0
56	537	24.310006819999	64
56	538	24.310006819999	128
56	539	24.310006819999	64
56	542	24.310006819999	0
56	587	25.000006819999	64
56	588	25.000006819999	0
56	627	27.640006819999	64
56	628	27.640006819999	128
56	629	27.640006819999	64
56	632	27.640006819999	0
56	685	30.970006819999	64
56	686	30.970006819999	128
56	687	30.970006819999	64
56	690	30.970006819999	0
56	743	34.300006819999	64
56	744	34.300006819999	128
56	745	34.300006819999	64
56	748	34.300006819999	0
56	793	35.000006819999	64
56	794	35.000006819999	0
56	833	37.630006819999	64
56	834	37.630006819999	128
56	835	37.630006819999	64
56	838	37.630006819999	0
56	891	40.960006819999	64
56	892	40.960006819999	128
56	893	40.960006819999	64
56	896	40.960006819999	0
56	949	44.290006819999	64
56	950	44.290006819999	128
56	951	44.290006819999	64
56	954	44.290006819999	0
56	999	45.000006819999	64
56	1000	45.000006819999	0
56	1039	47.620006819999	64
56	1040	47.620006819999	128
56	1041	47.620006819999	64
56	1044	47.620006819999	0
56	1097	50.950006819999	64
56	1098	50.950006819999	128
56	1099	50.950006819999	64
56	1102	50.950006819999	0
56	1155	54.280006819999	64
56	1156	54.280006819999	128
56	1157	54.280006819999	64
56	1160	54.280006819999	0
56	1205	55.000006819999	64
56	1206	55.000006819999	0
56	1245	57.610006819999	64
56	1246	57.610006819999	128
56	1247	57.610006819999	64
56	1250	57.610006819999	0
56	1303	60.940006819999	64
56	1304	60.940006819999	128
56	1305	60.940006819999	64
56	1308	60.940006819999	0
56	1361	64.270006819999	64
56	1362	64.270006819999	128
56	1363	64.270006819999	64
56	1366	64.270006819999	0
56	1411	65.000006819999	64
56	1412	65.000006819999	0
56	1451	67.600006819999	64
56	1452	67.600006819999	128
56	1453	67.600006819999	64
56	1456	67.600006819999	0
56	1509	70.930006819999	64
56	1510	70.930006819999	128
56	1511	70.930006819999	64
56	1514	70.930006819999	0
56	1567	74.260006819999	64
56	1568	74.260006819999	128
56	1569	74.260006819999	64
56	1572	74.260006819999	0
56	1617	75.000006819999	64
56	1618	75.000006819999	0
56	1657	77.590006819999	64
56	1658	77.590006819999	128
56	1659	77.590006819999	64
56	1662	77.590006819999	0
56	1715	80.920006819999	64
56	1716	80.920006819999	128
56	1717	80.920006819999	64
56	1720	80.920006819999	0
56	1773	84.250006819999	64
56	1774	84.250006819999	128
56	1775	84.250006819999	64
56	1778	84.250006819999	0
56	1823	85.000006819999	64
56	1824	85.000006819999	0
56	1863	87.580006819999	64
56	1864	87.580006819999	128
56	1865	87.580006819999	64
56	1868	87.580006819999	0
56	1921	90.910006819999	64
56	1922	90.910006819999	128
56	1923	90.910006819999	64
56	1926	90.910006819999	0
56	1979	94.240006819999	64
56	1980	94.240006819999	128
56	1981	94.240006819999	64
56	1984	94.240006819999	0
56	2029	95.000006819999	64
56	2030	95.000006819999	0
56	2069	97.570006819999	64
56	2070	97.570006819999	128
56	2071	97.570006819999	64
56	2074	97.570006819999	0
56	2127	100.900006819999	64
56	2128	100.900006819999	128
56	2129	100.900006819999	64
56	2132	100.900006819999	0
56	2185	104.230006819999	64
56	2186	104.230006819999	128
56	2187	104.230006819999	64
56	2190	104.230006819999	0
56	2235	105.000006819999	64
56	2236	105.000006819999	0
56	2275	107.560006819999	64
56	2276	107.560006819999	128
56	2277	107.560006819999	64
56	2280	107.560006819999	0
56	2333	110.890006819999	64
56	2334	110.890006819999	128
56	2335	110.890006819999	64
56	2338	110.890006819999	0
56	2391	114.220006819999	64
56	2392	114.220006819999	128
56	2393	114.220006819999	64
56	2396	114.220006819999	0
56	2441	115.000006819999	64
56	2442	115.000006819999	0
56	2481	117.550006819999	64
56	2482	117.550006819999	128
56	2483	117.550006819999	64
56	2486	117.550006819999	0
56	2539	120.880006819999	64
56	2540	120.880006819999	128
56	2541	120.880006819999	64
56	2544	120.880006819999	0
56	2597	124.210006819999	64
56	2598	124.210006819999	128
56	2599	124.210006819999	64
56	2602	124.210006819999	0
56	2647	125.000006819999	64
56	2648	125.000006819999	0
56	2687	127.540006819999	64
56	2688	127.540006819999	128
56	2689	127.540006819999	64
56	2692	127.540006819999	0
56	2745	130.870006819999	64
56	2746	130.870006819999	128
56	2747	130.870006819999	64
56	2750	130.870006819999	0
56	2803	134.200006819999	64
56	2804	134.200006819999	128
56	2805	134.200006819999	64
56	2808	134.200006819999	0
56	2853	135.000006819999	64
56	2854	135.000006819999	0
56	2893	137.530006819999	64
56	2894	137.530006819999	128
56	2895	137.530006819999	64
56	2898	137.530006819999	0
56	2951	140.860006819999	64
56	2952	140.860006819999	128
56	2953	140.860006819999	64
56	2956	140.860006819999	0
56	3009	144.190006819999	64
56	3010	144.190006819999	128
56	3011	144.190006819999	64
56	3014	144.190006819999	0
56	3059	145.000006819999	64
56	3060	145.000006819999	0
56	3099	147.520006819999	64
56	3100	147.520006819999	128
56	3101	147.520006819999	64
56	3104	147.520006819999	0
56	3157	150.850006819999	64
56	3158	150.850006819999	128
56	3159	150.850006819999	64
56	3162	150.850006819999	0
56	3215	154.180006819999	64
56	3216	154.180006819999	128
56	3217	154.180006819999	64
56	3220	154.180006819999	0
56	3265	155.000006819999	64
56	3266	155.000006819999	0
56	3305	157.510006819999	64
56	3306	157.510006819999	128
56	3307	157.510006819999	64
56	3310	157.510006819999	0
56	3363	160.840006819999	64
56	3364	160.840006819999	128
56	3365	160.840006819999	64
56	3368	160.840006819999	0
56	3421	164.170006819999	64
56	3422	164.170006819999	128
56	3423	164.170006819999	64
56	3426	164.170006819999	0
56	3471	165.000006819999	64
56	3472	165.000006819999	0
56	3511	167.500006819999	64
56	3512	167.500006819999	128
56	3513	167.500006819999	64
56	3516	167.500006819999	0
56	3569	170.830006819999	64
56	3570	170.830006819999	128
56	3571	170.830006819999	64
56	3574	170.830006819999	0
56	3627	174.160006819999	64
56	3628	174.160006819999	128
56	3629	174.160006819999	64
56	3632	174.160006819999	0
56	3677	175.000006819999	64
56	3678	175.000006819999	0
56	3717	177.490006819999	64
56	3718	177.490006819999	128
56	3719	177.490006819999	64
56	3722	177.490006819999	0
56	3775	180.820006819999	64
56	3776	180.820006819999	128
56	3777	180.820006819999	64
56	3780	180.820006819999	0
56	3833	184.150006819999	64
56	3834	184.150006819999	128
56	3835	184.150006819999	64
56	3838	184.150006819999	0
56	3883	185.000006819999	64
56	3884	185.000006819999	0
56	3923	187.480006819999	64
56	3924	187.480006819999	128
56	3925	187.480006819999	64
56	3928	187.480006819999	0
57	63	1.000013539998	1
57	121	4.330013539998	2
57	179	7.660013539998	3
57	237	10.990013539998	4
57	295	14.320013539998	5
57	360	15.000013539998	6
57	437	17.650013539998	7
57	495	20.980013539998	8
57	553	24.310013539998	9
57	643	27.640013539998	10
57	701	30.970013539998	11
57	759	34.300013539998	12
57	849	37.630013539998	13
57	907	40.960013539998	14
57	965	44.290013539998	15
57	1055	47.620013539998	16
57	1113	50.950013539998	17
57	1171	54.280013539998	18
57	1261	57.610013539998	19
57	1319	60.940013539998	20
57	1377	64.270013539998	21
57	1467	67.600013539998	22
57	1525	70.930013539998	23
57	1583	74.260013539998	24
57	1673	77.590013539998	25
57	1731	80.920013539998	26
57	1789	84.250013539998	27
57	1879	87.580013539998	28
57	1937	90.910013539998	29
57	1995	94.240013539998	30
57	2085	97.570013539998	31
57	2143	100.900013539998	32
57	2201	104.230013539998	33
57	2291	107.560013539998	34
57	2349	110.890013539998	35
57	2407	114.220013539998	36
57	2497	117.550013539998	37
57	2555	120.880013539998	38
57	2613	124.210013539998	39
57	2703	127.540013539998	40
57	2761	130.870013539998	41
57	2819	134.200013539998	42
57	2909	137.530013539998	43
57	2967	140.860013539998	44
57	3025	144.190013539998	45
57	3115	147.520013539998	46
57	3173	150.850013539998	47
57	3231	154.180013539998	48
57	3321	157.510013539998	49
57	3379	160.840013539998	50
57	3437	164.170013539998	51
57	3527	167.500013539998	52
57	3585	170.830013539998	53
57	3643	174.160013539998	54
57	3733	177.490013539998	55
57	3791	180.820013539998	56
57	3849	184.150013539998	57
57	3939	187.480013539998	58
58	45	1.000006819999	1
58	103	4.330006819999	2
58	161	7.660006819999	3
58	219	10.990006819999	4
58	277	14.320006819999	5
58	339	15.000006819999	6
58	361	15.000013539998	7
58	419	17.650006819999	8
58	477	20.980006819999	9
58	535	24.310006819999	10
58	586	25.000006819999	11
58	625	27.640006819999	12
58	683	30.970006819999	13
58	741	34.300006819999	14
58	792	35.000006819999	15
58	831	37.630006819999	16
58	889	40.960006819999	17
58	947	44.290006819999	18
58	998	45.000006819999	19
58	1037	47.620006819999	20
58	1095	50.950006819999	21
58	1153	54.280006819999	22
58	1204	55.000006819999	23
58	1243	57.610006819999	24
58	1301	60.940006819999	25
58	1359	64.270006819999	26
58	1410	65.000006819999	27
58	1449	67.600006819999	28
58	1507	70.930006819999	29
58	1565	74.260006819999	30
58	1616	75.000006819999	31
58	1655	77.590006819999	32
58	1713	80.920006819999	33
58	1771	84.250006819999	34
58	1822	85.000006819999	35
58	1861	87.580006819999	36
58	1919	90.910006819999	37
58	1977	94.240006819999	38
58	2028	95.000006819999	39
58	2067	97.570006819999	40
58	2125	100.900006819999	41
58	2183	104.230006819999	42
58	2234	105.000006819999	43
58	2273	107.560006819999	44
58	2331	110.890006819999	45
58	2389	114.220006819999	46
58	2440	115.000006819999	47
58	2479	117.550006819999	48
58	2537	120.880006819999	49
58	2595	124.210006819999	50
58	2646	125.000006819999	51
58	2685	127.540006819999	52
58	2743	130.870006819999	53
58	2801	134.200006819999	54
58	2852	135.000006819999	55
58	2891	137.530006819999	56
58	2949	140.860006819999	57
58	3007	144.190006819999	58
58	3058	145.000006819999	59
58	3097	147.520006819999	60
58	3155	150.850006819999	61
58	3213	154.180006819999	62
58	3264	155.000006819999	63
58	3303	157.510006819999	64
58	3361	160.840006819999	65
58	3419	164.170006819999	66
58	3470	165.000006819999	67
58	3509	167.500006819999	68
58	3567	170.830006819999	69
58	3625	174.160006819999	70
58	3676	175.000006819999	71
58	3715	177.490006819999	72
58	3773	180.820006819999	73
58	3831	184.150006819999	74
58	3882	185.000006819999	75
58	3921	187.480006819999	76
59	63	1.000013539998	64
59	121	4.330013539998	128
59	179	7.660013539998	192
59	237	10.990013539998	256
59	295	14.320013539998	320
59	360	15.000013539998	384
59	437	17.650013539998	448
59	495	20.980013539998	512
59	553	24.310013539998	576
59	643	27.640013539998	640
59	701	30.970013539998	704
59	759	34.300013539998	768
59	849	37.630013539998	832
59	907	40.960013539998	896
59	965	44.290013539998	960
59	1055	47.620013539998	1024
59	1113	50.950013539998	1088
59	1171	54.280013539998	1152
59	1261	57.610013539998	1216
59	1319	60.940013539998	1280
59	1377	64.270013539998	1344
59	1467	67.600013539998	1408
59	1525	70.930013539998	1472
59	1583	74.260013539998	1536
59	1673	77.590013539998	1600
59	1731	80.920013539998	1664
59	1789	84.250013539998	1728
59	1879	87.580013539998	1792
59	1937	90.910013539998	1856
59	1995	94.240013539998	1920
59	2085	97.570013539998	1984
59	2143	100.900013539998	2048
59	2201	104.230013539998	2112
59	2291	107.560013539998	2176
59	2349	110.890013539998	2240
59	2407	114.220013539998	2304
59	2497	117.550013539998	2368
59	2555	120.880013539998	2432
59	2613	124.210013539998	2496
59	2703	127.540013539998	2560
59	2761	130.870013539998	2624
59	2819	134.200013539998	2688
59	2909	137.530013539998	2752
59	2967	140.860013539998	2816
59	3025	144.190013539998	2880
59	3115	147.520013539998	2944
59	3173	150.850013539998	3008
59	3231	154.180013539998	3072
59	3321	157.510013539998	3136
59	3379	160.840013539998	3200
59	3437	164.170013539998	3264
59	3527	167.500013539998	3328
59	3585	170.830013539998	3392
59	3643	174.160013539998	3456
59	3733	177.490013539998	3520
59	3791	180.820013539998	3584
59	3849	184.150013539998	3648
59	3939	187.480013539998	3712
60	45	1.000006819999	64
60	103	4.330006819999	128
60	161	7.660006819999	192
60	219	10.990006819999	256
60	277	14.320006819999	320
60	339	15.000006819999	384
60	361	15.000013539998	448
60	419	17.650006819999	512
60	477	20.980006819999	576
60	535	24.310006819999	640
60	586	25.000006819999	704
60	625	27.640006819999	768
60	683	30.970006819999	832
60	741	34.300006819999	896
60	792	35.000006819999	960
60	831	37.630006819999	1024
60	889	40.960006819999	1088
60	947	44.290006819999	1152
60	998	45.000006819999	1216
60	1037	47.620006819999	1280
60	1095	50.950006819999	1344
60	1153	54.280006819999	1408
60	1204	55.000006819999	1472
60	1243	57.610006819999	1536
60	1301	60.940006819999	1600
60	1359	64.270006819999	1664
60	1410	65.000006819999	1728
60	1449	67.600006819999	1792
60	1507	70.930006819999	1856
60	1565	74.260006819999	1920
60	1616	75.000006819999	1984
60	1655	77.590006819999	2048
60	1713	80.920006819999	2112
60	1771	84.250006819999	2176
60	1822	85.000006819999	2240
60	1861	87.580006819999	2304
60	1919	90.910006819999	2368
60	1977	94.240006819999	2432
60	2028	95.000006819999	2496
60	2067	97.570006819999	2560
60	2125	100.900006819999	2624
60	2183	104.230006819999	2688
60	2234	105.000006819999	2752
60	2273	107.560006819999	2816
60	2331	110.890006819999	2880
60	2389	114.220006819999	2944
60	2440	115.000006819999	3008
60	2479	117.550006819999	3072
60	2537	120.880006819999	3136
60	2595	124.210006819999	3200
60	2646	125.000006819999	3264
60	2685	127.540006819999	3328
60	2743	130.870006819999	3392
60	2801	134.200006819999	3456
60	2852	135.000006819999	3520
60	2891	137.530006819999	3584
60	2949	140.860006819999	3648
60	3007	144.190006819999	3712
60	3058	145.000006819999	3776
60	3097	147.520006819999	3840
60	3155	150.850006819999	3904
60	3213	154.180006819999	3968
60	3264	155.000006819999	4032
60	3303	157.510006819999	4096
60	3361	160.840006819999	4160
60	3419	164.170006819999	4224
60	3470	165.000006819999	4288
60	3509	167.500006819999	4352
60	3567	170.830006819999	4416
60	3625	174.160006819999	4480
60	3676	175.000006819999	4544
60	3715	177.490006819999	4608
60	3773	180.820006819999	4672
60	3831	184.150006819999	4736
60	3882	185.000006819999	4800
60	3921	187.480006819999	4864
64	45	1.000006819999	1
64	103	4.330006819999	2
64	161	7.660006819999	3
64	219	10.990006819999	4
64	277	14.320006819999	5
64	339	15.000006819999	6
64	361	15.000013539998	7
64	419	17.650006819999	8
64	477	20.980006819999	9
64	535	24.310006819999	10
64	586	25.000006819999	11
64	625	27.640006819999	12
64	683	30.970006819999	13
64	741	34.300006819999	14
64	792	35.000006819999	15
64	831	37.630006819999	16
64	889	40.960006819999	17
64	947	44.290006819999	18
64	998	45.000006819999	19
64	1037	47.620006819999	20
64	1095	50.950006819999	21
64	1153	54.280006819999	22
64	1204	55.000006819999	23
64	1243	57.610006819999	24
64	1301	60.940006819999	25
64	1359	64.270006819999	26
64	1410	65.000006819999	27
64	1449	67.600006819999	28
64	1507	70.930006819999	29
64	1565	74.260006819999	30
64	1616	75.000006819999	31
64	1655	77.590006819999	32
64	1713	80.920006819999	33
64	1771	84.250006819999	34
64	1822	85.000006819999	35
64	1861	87.580006819999	36
64	1919	90.910006819999	37
64	1977	94.240006819999	38
64	2028	95.000006819999	39
64	2067	97.570006819999	40
64	2125	100.900006819999	41
64	2183	104.230006819999	42
64	2234	105.000006819999	43
64	2273	107.560006819999	44
64	2331	110.890006819999	45
64	2389	114.220006819999	46
64	2440	115.000006819999	47
64	2479	117.550006819999	48
64	2537	120.880006819999	49
64	2595	124.210006819999	50
64	2646	125.000006819999	51
64	2685	127.540006819999	52
64	2743	130.870006819999	53
64	2801	134.200006819999	54
64	2852	135.000006819999	55
64	2891	137.530006819999	56
64	2949	140.860006819999	57
64	3007	144.190006819999	58
64	3058	145.000006819999	59
64	3097	147.520006819999	60
64	3155	150.850006819999	61
64	3213	154.180006819999	62
64	3264	155.000006819999	63
64	3303	157.510006819999	64
64	3361	160.840006819999	65
64	3419	164.170006819999	66
64	3470	165.000006819999	67
64	3509	167.500006819999	68
64	3567	170.830006819999	69
64	3625	174.160006819999	70
64	3676	175.000006819999	71
64	3715	177.490006819999	72
64	3773	180.820006819999	73
64	3831	184.150006819999	74
64	3882	185.000006819999	75
64	3921	187.480006819999	76
69	61	1.000013539998	1
69	119	4.330013539998	2
69	177	7.660013539998	3
69	235	10.990013539998	4
69	293	14.320013539998	5
69	358	15.000013539998	6
69	383	15.000020259997	7
69	435	17.650013539998	8
69	493	20.980013539998	9
69	551	24.310013539998	10
69	595	25.000013539998	11
69	641	27.640013539998	12
69	699	30.970013539998	13
69	757	34.300013539998	14
69	801	35.000013539998	15
69	847	37.630013539998	16
69	905	40.960013539998	17
69	963	44.290013539998	18
69	1007	45.000013539998	19
69	1053	47.620013539998	20
69	1111	50.950013539998	21
69	1169	54.280013539998	22
69	1213	55.000013539998	23
69	1259	57.610013539998	24
69	1317	60.940013539998	25
69	1375	64.270013539998	26
69	1419	65.000013539998	27
69	1465	67.600013539998	28
69	1523	70.930013539998	29
69	1581	74.260013539998	30
69	1625	75.000013539998	31
69	1671	77.590013539998	32
69	1729	80.920013539998	33
69	1787	84.250013539998	34
69	1831	85.000013539998	35
69	1877	87.580013539998	36
69	1935	90.910013539998	37
69	1993	94.240013539998	38
69	2037	95.000013539998	39
69	2083	97.570013539998	40
69	2141	100.900013539998	41
69	2199	104.230013539998	42
69	2243	105.000013539998	43
69	2289	107.560013539998	44
69	2347	110.890013539998	45
69	2405	114.220013539998	46
69	2449	115.000013539998	47
69	2495	117.550013539998	48
69	2553	120.880013539998	49
69	2611	124.210013539998	50
69	2655	125.000013539998	51
69	2701	127.540013539998	52
69	2759	130.870013539998	53
69	2817	134.200013539998	54
69	2861	135.000013539998	55
69	2907	137.530013539998	56
69	2965	140.860013539998	57
69	3023	144.190013539998	58
69	3067	145.000013539998	59
69	3113	147.520013539998	60
69	3171	150.850013539998	61
69	3229	154.180013539998	62
69	3273	155.000013539998	63
69	3319	157.510013539998	64
69	3377	160.840013539998	65
69	3435	164.170013539998	66
69	3479	165.000013539998	67
69	3525	167.500013539998	68
69	3583	170.830013539998	69
69	3641	174.160013539998	70
69	3685	175.000013539998	71
69	3731	177.490013539998	72
69	3789	180.820013539998	73
69	3847	184.150013539998	74
69	3891	185.000013539998	75
69	3937	187.480013539998	76
70	46	1.000006819999	1
70	104	4.330006819999	2
70	162	7.660006819999	3
70	220	10.990006819999	4
70	278	14.320006819999	5
70	340	15.000006819999	6
70	420	17.650006819999	7
70	478	20.980006819999	8
70	536	24.310006819999	9
70	626	27.640006819999	10
70	684	30.970006819999	11
70	742	34.300006819999	12
70	832	37.630006819999	13
70	890	40.960006819999	14
70	948	44.290006819999	15
70	1038	47.620006819999	16
70	1096	50.950006819999	17
70	1154	54.280006819999	18
70	1244	57.610006819999	19
70	1302	60.940006819999	20
70	1360	64.270006819999	21
70	1450	67.600006819999	22
70	1508	70.930006819999	23
70	1566	74.260006819999	24
70	1656	77.590006819999	25
70	1714	80.920006819999	26
70	1772	84.250006819999	27
70	1862	87.580006819999	28
70	1920	90.910006819999	29
70	1978	94.240006819999	30
70	2068	97.570006819999	31
70	2126	100.900006819999	32
70	2184	104.230006819999	33
70	2274	107.560006819999	34
70	2332	110.890006819999	35
70	2390	114.220006819999	36
70	2480	117.550006819999	37
70	2538	120.880006819999	38
70	2596	124.210006819999	39
70	2686	127.540006819999	40
70	2744	130.870006819999	41
70	2802	134.200006819999	42
70	2892	137.530006819999	43
70	2950	140.860006819999	44
70	3008	144.190006819999	45
70	3098	147.520006819999	46
70	3156	150.850006819999	47
70	3214	154.180006819999	48
70	3304	157.510006819999	49
70	3362	160.840006819999	50
70	3420	164.170006819999	51
70	3510	167.500006819999	52
70	3568	170.830006819999	53
70	3626	174.160006819999	54
70	3716	177.490006819999	55
70	3774	180.820006819999	56
70	3832	184.150006819999	57
70	3922	187.480006819999	58
71	61	1.000013539998	64
71	119	4.330013539998	128
71	177	7.660013539998	192
71	235	10.990013539998	256
71	293	14.320013539998	320
71	358	15.000013539998	384
71	383	15.000020259997	448
71	435	17.650013539998	512
71	493	20.980013539998	576
71	551	24.310013539998	640
71	595	25.000013539998	704
71	641	27.640013539998	768
71	699	30.970013539998	832
71	757	34.300013539998	896
71	801	35.000013539998	960
71	847	37.630013539998	1024
71	905	40.960013539998	1088
71	963	44.290013539998	1152
71	1007	45.000013539998	1216
71	1053	47.620013539998	1280
71	1111	50.950013539998	1344
71	1169	54.280013539998	1408
71	1213	55.000013539998	1472
71	1259	57.610013539998	1536
71	1317	60.940013539998	1600
71	1375	64.270013539998	1664
71	1419	65.000013539998	1728
71	1465	67.600013539998	1792
71	1523	70.930013539998	1856
71	1581	74.260013539998	1920
71	1625	75.000013539998	1984
71	1671	77.590013539998	2048
71	1729	80.920013539998	2112
71	1787	84.250013539998	2176
71	1831	85.000013539998	2240
71	1877	87.580013539998	2304
71	1935	90.910013539998	2368
71	1993	94.240013539998	2432
71	2037	95.000013539998	2496
71	2083	97.570013539998	2560
71	2141	100.900013539998	2624
71	2199	104.230013539998	2688
71	2243	105.000013539998	2752
71	2289	107.560013539998	2816
71	2347	110.890013539998	2880
71	2405	114.220013539998	2944
71	2449	115.000013539998	3008
71	2495	117.550013539998	3072
71	2553	120.880013539998	3136
71	2611	124.210013539998	3200
71	2655	125.000013539998	3264
71	2701	127.540013539998	3328
71	2759	130.870013539998	3392
71	2817	134.200013539998	3456
71	2861	135.000013539998	3520
71	2907	137.530013539998	3584
71	2965	140.860013539998	3648
71	3023	144.190013539998	3712
71	3067	145.000013539998	3776
71	3113	147.520013539998	3840
71	3171	150.850013539998	3904
71	3229	154.180013539998	3968
71	3273	155.000013539998	4032
71	3319	157.510013539998	4096
71	3377	160.840013539998	4160
71	3435	164.170013539998	4224
71	3479	165.000013539998	4288
71	3525	167.500013539998	4352
71	3583	170.830013539998	4416
71	3641	174.160013539998	4480
71	3685	175.000013539998	4544
71	3731	177.490013539998	4608
71	3789	180.820013539998	4672
71	3847	184.150013539998	4736
71	3891	185.000013539998	4800
71	3937	187.480013539998	4864
72	46	1.000006819999	64
72	104	4.330006819999	128
72	162	7.660006819999	192
72	220	10.990006819999	256
72	278	14.320006819999	320
72	340	15.000006819999	384
72	420	17.650006819999	448
72	478	20.980006819999	512
72	536	24.310006819999	576
72	626	27.640006819999	640
72	684	30.970006819999	704
72	742	34.300006819999	768
72	832	37.630006819999	832
72	890	40.960006819999	896
72	948	44.290006819999	960
72	1038	47.620006819999	1024
72	1096	50.950006819999	1088
72	1154	54.280006819999	1152
72	1244	57.610006819999	1216
72	1302	60.940006819999	1280
72	1360	64.270006819999	1344
72	1450	67.600006819999	1408
72	1508	70.930006819999	1472
72	1566	74.260006819999	1536
72	1656	77.590006819999	1600
72	1714	80.920006819999	1664
72	1772	84.250006819999	1728
72	1862	87.580006819999	1792
72	1920	90.910006819999	1856
72	1978	94.240006819999	1920
72	2068	97.570006819999	1984
72	2126	100.900006819999	2048
72	2184	104.230006819999	2112
72	2274	107.560006819999	2176
72	2332	110.890006819999	2240
72	2390	114.220006819999	2304
72	2480	117.550006819999	2368
72	2538	120.880006819999	2432
72	2596	124.210006819999	2496
72	2686	127.540006819999	2560
72	2744	130.870006819999	2624
72	2802	134.200006819999	2688
72	2892	137.530006819999	2752
72	2950	140.860006819999	2816
72	3008	144.190006819999	2880
72	3098	147.520006819999	2944
72	3156	150.850006819999	3008
72	3214	154.180006819999	3072
72	3304	157.510006819999	3136
72	3362	160.840006819999	3200
72	3420	164.170006819999	3264
72	3510	167.500006819999	3328
72	3568	170.830006819999	3392
72	3626	174.160006819999	3456
72	3716	177.490006819999	3520
72	3774	180.820006819999	3584
72	3832	184.150006819999	3648
72	3922	187.480006819999	3712
76	46	1.000006819999	1
76	104	4.330006819999	2
76	162	7.660006819999	3
76	220	10.990006819999	4
76	278	14.320006819999	5
76	340	15.000006819999	6
76	420	17.650006819999	7
76	478	20.980006819999	8
76	536	24.310006819999	9
76	626	27.640006819999	10
76	684	30.970006819999	11
76	742	34.300006819999	12
76	832	37.630006819999	13
76	890	40.960006819999	14
76	948	44.290006819999	15
76	1038	47.620006819999	16
76	1096	50.950006819999	17
76	1154	54.280006819999	18
76	1244	57.610006819999	19
76	1302	60.940006819999	20
76	1360	64.270006819999	21
76	1450	67.600006819999	22
76	1508	70.930006819999	23
76	1566	74.260006819999	24
76	1656	77.590006819999	25
76	1714	80.920006819999	26
76	1772	84.250006819999	27
76	1862	87.580006819999	28
76	1920	90.910006819999	29
76	1978	94.240006819999	30
76	2068	97.570006819999	31
76	2126	100.900006819999	32
76	2184	104.230006819999	33
76	2274	107.560006819999	34
76	2332	110.890006819999	35
76	2390	114.220006819999	36
76	2480	117.550006819999	37
76	2538	120.880006819999	38
76	2596	124.210006819999	39
76	2686	127.540006819999	40
76	2744	130.870006819999	41
76	2802	134.200006819999	42
76	2892	137.530006819999	43
76	2950	140.860006819999	44
76	3008	144.190006819999	45
76	3098	147.520006819999	46
76	3156	150.850006819999	47
76	3214	154.180006819999	48
76	3304	157.510006819999	49
76	3362	160.840006819999	50
76	3420	164.170006819999	51
76	3510	167.500006819999	52
76	3568	170.830006819999	53
76	3626	174.160006819999	54
76	3716	177.490006819999	55
76	3774	180.820006819999	56
76	3832	184.150006819999	57
76	3922	187.480006819999	58
81	62	1.000013539998	1
81	78	1.000020259997	2
81	120	4.330013539998	3
81	136	4.330020259997	4
81	178	7.660013539998	5
81	194	7.660020259997	6
81	236	10.990013539998	7
81	252	10.990020259997	8
81	294	14.320013539998	9
81	310	14.320020259997	10
81	359	15.000013539998	11
81	382	15.000020259997	12
81	394	15.000026979996	13
81	436	17.650013539998	14
81	452	17.650020259997	15
81	494	20.980013539998	16
81	510	20.980020259997	17
81	552	24.310013539998	18
81	568	24.310020259997	19
81	596	25.000013539998	20
81	642	27.640013539998	21
81	658	27.640020259997	22
81	700	30.970013539998	23
81	716	30.970020259997	24
81	758	34.300013539998	25
81	774	34.300020259997	26
81	802	35.000013539998	27
81	848	37.630013539998	28
81	864	37.630020259997	29
81	906	40.960013539998	30
81	922	40.960020259997	31
81	964	44.290013539998	32
81	980	44.290020259997	33
81	1008	45.000013539998	34
81	1054	47.620013539998	35
81	1070	47.620020259997	36
81	1112	50.950013539998	37
81	1128	50.950020259997	38
81	1170	54.280013539998	39
81	1186	54.280020259997	40
81	1214	55.000013539998	41
81	1260	57.610013539998	42
81	1276	57.610020259997	43
81	1318	60.940013539998	44
81	1334	60.940020259997	45
81	1376	64.270013539998	46
81	1392	64.270020259997	47
81	1420	65.000013539998	48
81	1466	67.600013539998	49
81	1482	67.600020259997	50
81	1524	70.930013539998	51
81	1540	70.930020259997	52
81	1582	74.260013539998	53
81	1598	74.260020259997	54
81	1626	75.000013539998	55
81	1672	77.590013539998	56
81	1688	77.590020259997	57
81	1730	80.920013539998	58
81	1746	80.920020259997	59
81	1788	84.250013539998	60
81	1804	84.250020259997	61
81	1832	85.000013539998	62
81	1878	87.580013539998	63
81	1894	87.580020259997	64
81	1936	90.910013539998	65
81	1952	90.910020259997	66
81	1994	94.240013539998	67
81	2010	94.240020259997	68
81	2038	95.000013539998	69
81	2084	97.570013539998	70
81	2100	97.570020259997	71
81	2142	100.900013539998	72
81	2158	100.900020259997	73
81	2200	104.230013539998	74
81	2216	104.230020259997	75
81	2244	105.000013539998	76
81	2290	107.560013539998	77
81	2306	107.560020259997	78
81	2348	110.890013539998	79
81	2364	110.890020259997	80
81	2406	114.220013539998	81
81	2422	114.220020259997	82
81	2450	115.000013539998	83
81	2496	117.550013539998	84
81	2512	117.550020259997	85
81	2554	120.880013539998	86
81	2570	120.880020259997	87
81	2612	124.210013539998	88
81	2628	124.210020259997	89
81	2656	125.000013539998	90
81	2702	127.540013539998	91
81	2718	127.540020259997	92
81	2760	130.870013539998	93
81	2776	130.870020259997	94
81	2818	134.200013539998	95
81	2834	134.200020259997	96
81	2862	135.000013539998	97
81	2908	137.530013539998	98
81	2924	137.530020259997	99
81	2966	140.860013539998	100
81	2982	140.860020259997	101
81	3024	144.190013539998	102
81	3040	144.190020259997	103
81	3068	145.000013539998	104
81	3114	147.520013539998	105
81	3130	147.520020259997	106
81	3172	150.850013539998	107
81	3188	150.850020259997	108
81	3230	154.180013539998	109
81	3246	154.180020259997	110
81	3274	155.000013539998	111
81	3320	157.510013539998	112
81	3336	157.510020259997	113
81	3378	160.840013539998	114
81	3394	160.840020259997	115
81	3436	164.170013539998	116
81	3452	164.170020259997	117
81	3480	165.000013539998	118
81	3526	167.500013539998	119
81	3542	167.500020259997	120
81	3584	170.830013539998	121
81	3600	170.830020259997	122
81	3642	174.160013539998	123
81	3658	174.160020259997	124
81	3686	175.000013539998	125
81	3732	177.490013539998	126
81	3748	177.490020259997	127
81	3790	180.820013539998	128
81	3806	180.820020259997	129
81	3848	184.150013539998	130
81	3864	184.150020259997	131
81	3892	185.000013539998	132
81	3938	187.480013539998	133
81	3954	187.480020259997	134
83	62	1.000013539998	64
83	78	1.000020259997	128
83	120	4.330013539998	192
83	136	4.330020259997	256
83	178	7.660013539998	320
83	194	7.660020259997	384
83	236	10.990013539998	448
83	252	10.990020259997	512
83	294	14.320013539998	576
83	310	14.320020259997	640
83	359	15.000013539998	704
83	382	15.000020259997	768
83	394	15.000026979996	832
83	436	17.650013539998	896
83	452	17.650020259997	960
83	494	20.980013539998	1024
83	510	20.980020259997	1088
83	552	24.310013539998	1152
83	568	24.310020259997	1216
83	596	25.000013539998	1280
83	642	27.640013539998	1344
83	658	27.640020259997	1408
83	700	30.970013539998	1472
83	716	30.970020259997	1536
83	758	34.300013539998	1600
83	774	34.300020259997	1664
83	802	35.000013539998	1728
83	848	37.630013539998	1792
83	864	37.630020259997	1856
83	906	40.960013539998	1920
83	922	40.960020259997	1984
83	964	44.290013539998	2048
83	980	44.290020259997	2112
83	1008	45.000013539998	2176
83	1054	47.620013539998	2240
83	1070	47.620020259997	2304
83	1112	50.950013539998	2368
83	1128	50.950020259997	2432
83	1170	54.280013539998	2496
83	1186	54.280020259997	2560
83	1214	55.000013539998	2624
83	1260	57.610013539998	2688
83	1276	57.610020259997	2752
83	1318	60.940013539998	2816
83	1334	60.940020259997	2880
83	1376	64.270013539998	2944
83	1392	64.270020259997	3008
83	1420	65.000013539998	3072
83	1466	67.600013539998	3136
83	1482	67.600020259997	3200
83	1524	70.930013539998	3264
83	1540	70.930020259997	3328
83	1582	74.260013539998	3392
83	1598	74.260020259997	3456
83	1626	75.000013539998	3520
83	1672	77.590013539998	3584
83	1688	77.590020259997	3648
83	1730	80.920013539998	3712
83	1746	80.920020259997	3776
83	1788	84.250013539998	3840
83	1804	84.250020259997	3904
83	1832	85.000013539998	3968
83	1878	87.580013539998	4032
83	1894	87.580020259997	4096
83	1936	90.910013539998	4160
83	1952	90.910020259997	4224
83	1994	94.240013539998	4288
83	2010	94.240020259997	4352
83	2038	95.000013539998	4416
83	2084	97.570013539998	4480
83	2100	97.570020259997	4544
83	2142	100.900013539998	4608
83	2158	100.900020259997	4672
83	2200	104.230013539998	4736
83	2216	104.230020259997	4800
83	2244	105.000013539998	4864
83	2290	107.560013539998	4928
83	2306	107.560020259997	4992
83	2348	110.890013539998	5056
83	2364	110.890020259997	5120
83	2406	114.220013539998	5184
83	2422	114.220020259997	5248
83	2450	115.000013539998	5312
83	2496	117.550013539998	5376
83	2512	117.550020259997	5440
83	2554	120.880013539998	5504
83	2570	120.880020259997	5568
83	2612	124.210013539998	5632
83	2628	124.210020259997	5696
83	2656	125.000013539998	5760
83	2702	127.540013539998	5824
83	2718	127.540020259997	5888
83	2760	130.870013539998	5952
83	2776	130.870020259997	6016
83	2818	134.200013539998	6080
83	2834	134.200020259997	6144
83	2862	135.000013539998	6208
83	2908	137.530013539998	6272
83	2924	137.530020259997	6336
83	2966	140.860013539998	6400
83	2982	140.860020259997	6464
83	3024	144.190013539998	6528
83	3040	144.190020259997	6592
83	3068	145.000013539998	6656
83	3114	147.520013539998	6720
83	3130	147.520020259997	6784
83	3172	150.850013539998	6848
83	3188	150.850020259997	6912
83	3230	154.180013539998	6976
83	3246	154.180020259997	7040
83	3274	155.000013539998	7104
83	3320	157.510013539998	7168
83	3336	157.510020259997	7232
83	3378	160.840013539998	7296
83	3394	160.840020259997	7360
83	3436	164.170013539998	7424
83	3452	164.170020259997	7488
83	3480	165.000013539998	7552
83	3526	167.500013539998	7616
83	3542	167.500020259997	7680
83	3584	170.830013539998	7744
83	3600	170.830020259997	7808
83	3642	174.160013539998	7872
83	3658	174.160020259997	7936
83	3686	175.000013539998	8000
83	3732	177.490013539998	8064
83	3748	177.490020259997	8128
83	3790	180.820013539998	8192
83	3806	180.820020259997	8256
83	3848	184.150013539998	8320
83	3864	184.150020259997	8384
83	3892	185.000013539998	8448
83	3938	187.480013539998	8512
83	3954	187.480020259997	8576
